*************************************************************
***** 对角矩阵（三元组）的压缩存储，    enter      'a'  *****
***** 对称矩阵上三角的压缩存储，        enter      'b'  *****
***** 对称矩阵下三角的压缩存储，        enter      'c'  *****
***** 下三角矩阵的压缩存储，            enter      'd'  *****
***** 上三角矩阵的压缩存储，            enter      'e'  *****
*************************************************************
请输入矩阵的阶数：      5

Please enter a char:    a
请输入 13 个数据：
1 2 3 4 5 6 7 8 9 10 11 12 13
 1  2  0  0  0
 3  4  5  0  0
 0  6  7  8  0
 0  0  9 10 11
 0  0  0 12 13

Please enter a char:    b
请输入 15 个数据：
1 2 3 4 5 6 7 8 9 10 11 12 13 14 15
 1  2  3  4  5
 2  6  7  8  9
 3  7 10 11 12
 4  8 11 13 14
 5  9 12 14 15

Please enter a char:    c
请输入 15 个数据：
1 2 3 4 5 6 7 8 9 10 11 12 13 14 15
 1  2  4  7 11
 2  3  5  8 12
 4  5  6  9 13
 7  8  9 10 14
11 12 13 14 15

Please enter a char:    d
请输入 15 个数据：
1 2 3 4 5 6 7 8 9 10 11 12 13 14 15
 1  0  0  0  0
 2  3  0  0  0
 4  5  6  0  0
 7  8  9 10  0
11 12 13 14 15

Please enter a char:    e
请输入 15 个数据：
1 2 3 4 5 6 7 8 9 10 11 12 13 14 15
 1  2  4  7 11
 0  3  5  8 12
 0  0  6  9 13
 0  0  0 10 14
 0  0  0  0 15

Please enter a char:    q
Wrong!!!

--------------------------------
Process exited after 42.26 seconds with return value 0
请按任意键继续. . .