输入数据个数:    20
输入数据值：
9 6 3 2 1 5 4 7 8 10 13 12 45 69 78 65 63 52 41 20
中序遍历树为：
9
中序遍历树为：
6 9
中序遍历树为：
3 6 9
中序遍历树为：
2 3 6 9
中序遍历树为：
1 2 3 6 9
中序遍历树为：
1 2 3 5 6 9
中序遍历树为：
1 2 3 4 5 6 9
中序遍历树为：
1 2 3 4 5 6 7 9
中序遍历树为：
1 2 3 4 5 6 7 8 9
中序遍历树为：
1 2 3 4 5 6 7 8 9 10
中序遍历树为：
1 2 3 4 5 6 7 8 9 10 13
中序遍历树为：
1 2 3 4 5 6 7 8 9 10 12 13
中序遍历树为：
1 2 3 4 5 6 7 8 9 10 12 13 45
中序遍历树为：
1 2 3 4 5 6 7 8 9 10 12 13 45 69
中序遍历树为：
1 2 3 4 5 6 7 8 9 10 12 13 45 69 78
中序遍历树为：
1 2 3 4 5 6 7 8 9 10 12 13 45 65 69 78
中序遍历树为：
1 2 3 4 5 6 7 8 9 10 12 13 45 63 65 69 78
中序遍历树为：
1 2 3 4 5 6 7 8 9 10 12 13 45 52 63 65 69 78
中序遍历树为：
1 2 3 4 5 6 7 8 9 10 12 13 41 45 52 63 65 69 78
中序遍历树为：
1 2 3 4 5 6 7 8 9 10 12 13 20 41 45 52 63 65 69 78

输入关键字：
4

存在关键字!!!

平衡因子：  0
关键字：    4

20

存在关键字!!!

平衡因子：  0
关键字：    20

78

存在关键字!!!

平衡因子：  0
关键字：    78

26

不存在关键字！！


